0 826
1 826
2 827
3 828
3 1309
3 1314
4 828
4 1309
4 1314
5 829
6 829
6 829
7 829
7 829
8 829
8 829
9 829
9 829
10 829
11 829
12 829
12 1023
13 829
14 829
15 829
16 829
17 829
18 829
19 830
20 831
21 832
22 833
22 1324
22 1324
23 834
23 834
23 834
24 834
25 834
25 834
26 834
26 834
27 834
27 834
28 835
29 836
30 837
31 837
32 837
33 838
34 839
35 839
36 839
37 839
38 839
39 840
40 841
41 841
42 841
43 842
43 935
44 843
45 844
46 844
46 844
46 869
47 845
48 845
49 845
50 846
51 846
52 847
53 848
54 849
55 849
55 849
55 869
55 907
55 907
55 1000
55 1000
55 1012
56 849
56 849
56 869
56 869
57 849
57 849
58 849
59 850
60 850
61 850
61 850
62 850
62 850
63 850
63 850
63 989
64 850
64 850
64 989
64 1347
64 1347
65 850
66 850
67 851
67 970
68 852
69 853
70 854
70 1172
70 1173
71 855
71 859
71 860
72 856
72 858
72 973
72 976
72 977
72 1144
72 1144
72 1190
72 1190
72 1190
73 856
74 857
75 858
76 861
77 861
78 862
78 863
79 864
80 865
81 865
81 865
82 865
82 865
82 971
82 971
83 865
83 865
83 971
83 971
84 865
84 865
84 971
84 971
85 865
85 959
85 971
86 865
87 865
87 865
87 989
88 865
89 865
89 993
90 865
91 865
92 866
93 866
94 866
95 867
96 867
97 868
97 1066
98 869
98 869
98 869
99 869
99 869
100 869
100 869
101 869
101 895
101 907
101 907
101 907
101 907
101 996
101 1000
101 1000
101 1012
101 1324
101 1324
101 1324
101 1424
102 869
103 870
104 870
105 871
106 872
107 873
108 874
109 875
110 876
111 877
112 878
113 878
114 879
114 880
114 880
114 880
114 881
114 890
115 882
116 882
117 883
118 883
119 883
120 884
121 885
122 886
123 886
123 886
124 886
124 886
125 886
125 886
125 886
125 1277
126 886
126 886
127 886
127 886
128 886
129 886
130 886
131 886
132 886
133 886
134 886
134 1277
135 886
136 886
137 886
138 886
139 886
140 887
141 888
142 889
142 889
143 889
143 889
144 889
144 889
145 889
145 889
146 889
146 889
146 889
147 889
147 889
147 889
148 889
149 889
150 889
150 1277
150 1277
151 889
151 1277
151 1277
151 1277
152 889
152 1277
152 1277
153 889
153 1277
154 889
154 1277
154 1277
155 889
156 891
156 920
157 892
158 893
158 896
158 896
158 896
158 896
158 896
158 899
159 894
160 894
160 894
161 894
161 894
162 896
162 896
163 897
164 898
164 1100
165 900
165 927
166 901
167 902
167 903
168 904
168 906
168 908
168 909
168 938
168 939
169 905
170 907
170 1012
171 907
171 907
171 907
171 1000
171 1012
171 1046
171 1046
171 1060
171 1190
171 1190
172 907
172 983
172 1000
172 1012
172 1012
173 907
173 1000
174 907
174 1000
175 907
175 924
175 924
175 926
175 926
175 1000
175 1000
175 1000
175 1000
175 1000
175 1000
175 1021
175 1021
175 1237
175 1237
175 1237
175 1237
175 1237
175 1237
175 1237
176 907
176 1119
177 908
178 910
179 911
180 911
180 1427
180 1432
181 911
182 911
183 912
183 914
183 915
184 912
184 912
185 913
185 913
185 913
185 913
185 913
185 913
185 913
186 916
186 966
186 1032
187 917
188 918
189 918
189 918
190 919
190 1004
191 921
191 1001
191 1190
191 1190
192 922
193 922
194 923
195 924
196 925
197 926
197 926
197 926
197 926
197 926
197 926
197 926
197 927
197 927
197 927
197 927
197 927
197 927
197 927
197 927
197 927
197 927
197 927
197 928
197 929
197 929
197 929
197 929
197 929
197 929
197 929
197 929
197 929
197 929
197 931
197 931
197 931
197 931
197 931
197 931
197 931
197 931
197 931
197 960
197 960
197 960
197 960
197 960
197 960
197 960
197 960
197 960
197 960
197 960
197 963
198 927
198 931
198 960
198 1153
198 1153
199 927
199 929
199 1031
199 1031
199 1056
199 1056
199 1115
199 1115
199 1312
199 1312
199 1378
199 1395
200 930
201 930
202 932
202 1115
202 1318
202 1318
202 1318
202 1318
202 1318
202 1320
202 1327
202 1327
202 1327
202 1327
202 1327
202 1327
202 1327
202 1327
202 1327
202 1329
202 1329
202 1329
202 1329
202 1329
202 1329
202 1329
202 1329
202 1330
202 1330
202 1330
202 1330
202 1330
202 1330
202 1330
203 933
203 941
203 947
203 949
203 953
203 954
204 934
205 936
205 1053
206 936
206 1053
207 937
208 937
209 937
210 940
210 943
211 941
212 942
213 944
214 945
214 1387
215 946
216 948
217 950
217 1012
217 1012
217 1012
217 1012
217 1012
217 1012
217 1041
217 1041
218 951
219 952
220 955
221 956
221 980
221 980
221 980
221 995
221 1001
221 1001
221 1001
221 1123
221 1123
222 957
223 958
223 958
223 958
223 958
223 958
223 958
223 958
224 958
224 958
224 958
225 959
226 960
226 1144
226 1216
227 960
228 961
229 962
230 964
231 964
231 1352
231 1391
232 965
233 965
234 967
234 1012
234 1012
234 1012
234 1041
234 1041
235 967
236 968
237 969
238 969
239 972
240 973
240 976
240 977
240 1043
240 1043
240 1056
240 1056
240 1063
240 1160
240 1160
240 1160
240 1160
240 1160
240 1251
240 1251
240 1251
240 1251
240 1251
241 974
241 1034
241 1183
242 975
242 982
243 978
243 979
244 980
244 980
244 980
244 1001
244 1001
244 1001
244 1123
244 1123
245 980
245 980
245 1001
246 980
247 980
247 1001
247 1001
247 1370
248 980
248 1123
248 1124
249 980
250 980
250 1001
251 980
251 1001
252 981
253 984
254 985
255 986
256 987
257 988
257 1002
257 1115
257 1336
257 1378
257 1378
257 1378
257 1378
257 1378
257 1378
258 989
258 989
258 989
258 989
258 989
258 989
258 1199
258 1199
258 1199
258 1199
258 1199
258 1208
258 1208
258 1208
258 1208
259 989
259 989
259 989
259 989
259 989
259 989
259 1208
260 989
260 989
260 1208
261 989
261 989
261 1208
262 989
262 1208
262 1208
262 1208
263 989
264 989
265 989
266 989
266 1208
266 1347
266 1347
266 1347
267 990
268 991
268 992
269 991
269 992
270 994
271 997
272 998
273 998
274 999
275 1000
275 1115
276 1000
277 1000
278 1001
279 1001
280 1001
281 1003
281 1003
281 1003
281 1003
281 1003
281 1003
281 1003
281 1003
281 1091
281 1091
281 1091
282 1005
283 1006
284 1006
285 1007
285 1009
286 1007
287 1007
287 1007
288 1008
289 1008
289 1008
290 1008
290 1008
291 1010
292 1010
292 1010
293 1010
293 1010
294 1010
294 1010
295 1011
296 1011
297 1012
297 1308
297 1308
298 1012
298 1088
299 1013
300 1014
300 1075
301 1015
301 1019
302 1016
303 1017
303 1017
303 1017
303 1017
303 1017
303 1018
303 1018
303 1018
304 1017
304 1017
304 1018
305 1018
305 1018
306 1018
306 1018
306 1018
306 1018
306 1018
307 1018
308 1018
309 1018
310 1020
311 1020
311 1020
312 1020
312 1020
313 1021
314 1022
315 1023
315 1023
315 1023
315 1023
315 1023
315 1023
315 1023
315 1023
316 1023
316 1023
317 1023
318 1023
319 1023
320 1023
321 1023
322 1023
323 1024
324 1025
325 1025
326 1026
326 1260
326 1261
327 1026
328 1027
329 1028
329 1166
329 1250
329 1265
330 1029
331 1030
332 1030
333 1031
334 1031
334 1031
334 1115
334 1115
334 1245
334 1350
334 1371
334 1378
334 1378
335 1031
335 1031
335 1115
335 1115
335 1371
335 1378
335 1378
336 1031
336 1031
336 1115
337 1033
337 1056
337 1137
338 1034
339 1035
340 1036
341 1037
341 1188
341 1189
341 1340
342 1037
342 1037
342 1369
343 1037
343 1037
344 1038
345 1039
346 1040
346 1047
346 1169
347 1041
348 1042
349 1042
350 1042
351 1042
352 1043
353 1043
353 1043
353 1063
354 1043
354 1043
354 1043
354 1063
354 1063
354 1063
354 1063
354 1063
354 1063
354 1063
354 1063
354 1063
354 1104
354 1104
354 1104
354 1104
354 1104
354 1104
354 1104
354 1104
354 1104
354 1104
354 1104
354 1104
354 1104
354 1104
354 1144
354 1144
354 1144
354 1144
354 1144
354 1144
354 1144
354 1144
354 1144
354 1190
354 1190
355 1043
355 1043
355 1063
355 1063
356 1043
356 1043
356 1063
356 1422
357 1043
357 1043
357 1063
358 1043
358 1063
358 1063
359 1043
360 1044
361 1045
362 1046
363 1046
363 1046
363 1402
363 1403
363 1404
363 1405
363 1406
363 1408
363 1409
364 1046
364 1046
364 1054
364 1144
364 1144
365 1046
365 1046
365 1144
365 1144
366 1046
367 1046
368 1046
368 1190
369 1048
370 1049
371 1050
372 1051
372 1106
373 1052
374 1054
375 1055
376 1056
376 1056
377 1056
378 1056
379 1057
380 1058
381 1059
382 1059
383 1061
384 1062
385 1064
386 1064
387 1065
388 1066
389 1067
390 1068
391 1069
392 1070
393 1071
394 1072
395 1073
396 1074
397 1076
398 1077
399 1078
400 1079
400 1086
401 1080
402 1080
403 1081
403 1331
403 1332
404 1082
405 1083
406 1084
407 1085
408 1087
408 1180
409 1089
410 1090
410 1112
411 1092
412 1093
413 1094
414 1095
415 1096
416 1097
417 1098
418 1099
419 1099
420 1101
421 1101
422 1101
423 1102
424 1102
425 1103
425 1323
426 1103
426 1105
427 1104
428 1105
429 1107
430 1108
431 1109
432 1109
432 1120
433 1110
434 1111
435 1113
436 1114
437 1114
437 1114
438 1114
438 1114
439 1115
440 1115
441 1115
441 1115
441 1427
441 1432
442 1115
443 1115
444 1115
445 1115
445 1336
445 1378
445 1378
446 1116
447 1117
448 1117
448 1203
449 1118
450 1121
450 1353
450 1354
450 1355
450 1356
450 1357
450 1358
451 1121
452 1122
453 1125
454 1125
455 1126
456 1126
457 1127
458 1128
458 1128
458 1133
458 1311
458 1311
459 1128
459 1311
459 1311
460 1128
460 1128
460 1311
461 1128
461 1128
462 1128
462 1128
463 1128
464 1128
465 1128
466 1128
467 1129
468 1130
468 1200
469 1131
470 1131
471 1132
472 1132
473 1133
474 1134
475 1134
475 1134
476 1134
476 1134
477 1135
478 1135
479 1135
480 1135
481 1136
482 1136
483 1136
484 1138
485 1139
486 1140
487 1140
488 1141
489 1142
490 1143
491 1144
492 1145
493 1145
494 1145
495 1146
495 1146
495 1146
495 1146
495 1146
495 1146
495 1146
495 1146
495 1146
495 1146
495 1146
495 1146
495 1146
495 1146
495 1147
495 1147
495 1147
495 1147
495 1147
495 1147
495 1147
495 1147
495 1147
495 1147
495 1147
495 1147
495 1147
495 1147
496 1146
496 1146
496 1147
497 1148
497 1244
498 1148
498 1244
499 1148
499 1244
500 1149
501 1150
501 1150
501 1150
501 1150
501 1150
501 1151
501 1151
501 1151
501 1151
501 1151
501 1151
501 1151
501 1165
501 1168
501 1168
501 1168
501 1168
501 1168
501 1170
501 1313
501 1313
501 1313
501 1313
501 1313
501 1313
501 1313
501 1313
502 1152
503 1153
504 1153
504 1153
505 1153
505 1153
506 1153
507 1154
508 1155
508 1191
508 1192
508 1193
508 1195
508 1197
508 1213
508 1215
508 1218
508 1220
508 1238
508 1239
508 1240
509 1156
510 1157
511 1157
512 1157
513 1158
513 1162
514 1159
515 1160
515 1251
515 1251
516 1160
516 1160
516 1251
517 1160
517 1160
518 1160
519 1160
519 1397
520 1161
521 1163
522 1164
522 1171
523 1167
523 1167
523 1167
523 1167
523 1167
523 1167
523 1167
523 1167
523 1167
524 1167
524 1167
525 1167
526 1167
527 1167
527 1187
527 1187
527 1187
528 1167
529 1171
530 1174
531 1175
532 1176
533 1176
534 1176
535 1177
535 1418
536 1178
537 1179
538 1179
539 1181
540 1182
540 1349
541 1184
542 1185
543 1186
544 1187
545 1187
545 1187
546 1187
546 1187
547 1187
548 1187
549 1190
550 1190
551 1190
552 1191
552 1192
552 1193
552 1195
552 1197
552 1215
552 1220
552 1240
553 1194
554 1194
555 1196
556 1196
557 1198
558 1199
558 1199
559 1201
559 1202
560 1204
561 1205
562 1205
563 1205
564 1206
565 1207
566 1207
567 1208
567 1208
568 1208
568 1208
569 1208
570 1208
571 1208
572 1209
573 1210
574 1210
575 1211
576 1212
576 1252
576 1253
576 1254
577 1213
578 1214
579 1214
580 1216
581 1217
582 1218
583 1219
584 1219
585 1221
586 1221
587 1221
588 1222
589 1223
590 1224
591 1225
592 1226
593 1227
594 1228
595 1229
596 1230
597 1231
598 1231
599 1232
600 1233
601 1234
602 1235
603 1236
604 1237
605 1241
606 1242
607 1242
608 1243
609 1245
609 1350
610 1246
610 1256
610 1257
611 1246
611 1257
612 1247
613 1247
613 1247
613 1277
614 1248
615 1249
616 1249
617 1255
618 1255
619 1256
620 1258
620 1259
620 1262
621 1258
621 1259
622 1259
623 1260
624 1260
625 1261
626 1262
627 1262
628 1262
629 1262
630 1263
631 1264
631 1426
632 1264
632 1426
633 1266
634 1266
635 1267
636 1268
637 1269
638 1270
638 1271
638 1272
639 1273
639 1325
640 1274
641 1275
642 1276
643 1277
643 1328
644 1277
644 1277
645 1277
645 1277
646 1277
647 1277
648 1277
649 1277
650 1278
651 1279
652 1279
653 1280
654 1280
655 1280
656 1281
657 1282
658 1283
659 1284
660 1285
661 1286
662 1286
663 1287
664 1288
665 1289
666 1289
667 1289
668 1290
668 1296
669 1291
670 1292
671 1292
672 1293
673 1294
674 1295
675 1297
676 1298
677 1298
678 1299
679 1300
680 1301
681 1302
682 1303
683 1304
684 1305
685 1306
686 1306
687 1306
688 1306
689 1307
690 1308
691 1308
691 1308
692 1310
693 1310
694 1312
695 1315
696 1316
697 1317
698 1317
699 1318
699 1318
699 1327
699 1327
699 1329
699 1329
699 1329
699 1329
700 1319
701 1319
702 1321
703 1322
704 1324
705 1324
705 1324
706 1324
707 1324
708 1324
709 1325
710 1325
711 1326
712 1327
713 1333
714 1334
715 1334
716 1335
717 1336
718 1337
719 1338
720 1338
721 1339
722 1341
723 1341
724 1342
725 1343
726 1344
726 1344
726 1344
726 1344
726 1428
726 1428
726 1428
726 1428
727 1344
727 1428
728 1344
728 1344
728 1428
728 1428
729 1344
729 1428
730 1344
730 1428
731 1344
731 1428
732 1344
732 1344
732 1428
732 1428
733 1344
733 1344
733 1428
733 1428
734 1344
734 1344
734 1428
734 1428
735 1344
735 1344
735 1428
736 1344
736 1428
737 1345
738 1346
739 1347
739 1347
740 1348
741 1351
741 1352
741 1419
742 1359
742 1361
742 1362
743 1360
744 1362
744 1362
745 1363
746 1364
747 1364
747 1375
748 1365
749 1366
750 1367
751 1368
752 1372
753 1373
754 1374
754 1434
754 1435
754 1442
755 1375
756 1375
757 1376
758 1376
759 1376
760 1377
761 1378
762 1378
763 1379
764 1380
764 1420
764 1423
765 1381
766 1382
766 1385
766 1386
767 1383
768 1383
768 1414
769 1383
770 1384
771 1388
772 1389
773 1390
774 1391
775 1392
776 1392
777 1392
778 1393
778 1429
779 1393
779 1429
780 1394
781 1394
782 1396
783 1397
784 1398
784 1412
784 1413
785 1399
786 1400
787 1400
788 1401
789 1407
790 1410
791 1410
792 1410
793 1411
794 1414
795 1415
795 1425
796 1416
797 1417
798 1417
799 1418
800 1419
801 1421
802 1421
803 1421
804 1421
805 1421
806 1428
807 1428
808 1429
809 1430
810 1431
811 1433
811 1443
812 1434
813 1436
814 1437
815 1437
816 1438
817 1438
818 1439
819 1440
820 1441
821 1442
822 1443
823 1444
824 1444
825 1445
